1 368             
50 154 387            
55 332 329            
106 286 316 163           
106 416 163            
106 163 387            
139 154             
187 459 338            
193 157 387 163           
226 329             
264 322             
1 314 163            
15 154             
30 299 66 489 157          
30 342 153 310           
45 534 566            
66 385 154            
95 154             
109 163             
109 406 412 163 205          
113 335             
113 360 335            
138 313             
163 715             
163 313             
164 154 360            
164 218 206 309           
179 335 154            
184 147             
184 154             
184 400 336 325           
193 30 352 310           
286 361 372 29           
288 573 153            
295 30 489 157           
298 383             
298 579             
21 153             
30 106 163            
30 102             
32 336             
50 153             
60 154             
80 604 333            
95 335             
102 30             
184 352 456 163 313          
193 352 163 310           
226 412 163 154           
95 498 371 335 360          
105 29 313            
113 439 335 103 102 29 545        
180 226 339 335           
200 740             
29 164             
29 336             
95 313 335            
162 710 653            
295 228 86            
306 29             
30 562             
138 672 360            
148 441             
154 408 164            
162 163             
288 309             
15 336 430            
30 480 154            
30 401             
30 41 335 163           
41 30 163 335           
85 86 87 154             
85 86 87 339 408 313           
86 456 154            
85 86 87 154             
102 336             
106 364 157 163 335          
107 106 106 163           
146 684             
184 154             
184 199 154            
198 347 310 364           
209 309             
214 372 199 335 313 154         
237 450 555 377           
237 154             
284 86 360            
289 30 198 164 157 147         
297 51 437            
298 88 310 364 154          
299 347 154 364           
306 313             
15 373             
100 313             
102 86             
106 86 414 339           
161 154             
184 339             
274 41 538 371 498 352 442 30       
288 154             
2 218             
13 349 154 382 379          
30 345 346            
30 557 404 392 563 209 468 437 335      
30 550 332 404           
36 30 398 437 29 339         
65 86             
82 606 88 607 534          
86 394             
87 154             
86 609             
85 86 87 399 163            
91 30             
109 642 4 154           
125 339             
126 362 29            
134 154             
134 86 579            
138 360             
145 443 678            
146 403 154 681           
164 336             
192 326 66            
202 742 313            
204 124 227            
204 339 124 426           
228 387             
270 339             
272 810             
274 349 87 387           
286 820 574            
295 408             
295 525 339            
306 163             
14 30             
30 219             
46 47 339             
51 339             
56 434             
65 154             
65 401             
85 422 66            
93 524 163 29 411 335         
125 335 339            
126 494 437 310           
134 326 365 86           
145 364             
153 531 335 692           
156 157             
162 154             
190 330             
211 124             
278 338 154            
279 384             
307 525             
307 533 330 154           
15 335 351            
59 320 218 153           
65 339 154 456 384 387         
73 387             
86 87 428 310 154          
96 55 325 339           
109 154             
115 116 154             
122 659             
135 154 339            
137 670 671 154 377          
137 223             
148 154             
148 424 308 339           
160 29             
162 664 124 339           
162 313             
162 153             
178 154             
179 154             
178 339             
179 154             
179 384 339            
181 214 154            
191 494             
202 30 309            
218 763 764 339           
226 346             
231 557 339            
270 551 395            
292 489             
45 472             
46 47 164 313            
55 51 339            
59 157             
65 586 339            
86 163 313            
243 432             
306 771             
13 342             
13 316             
20 389 154 106 456 339         
20 364 154            
53 428 495 313 154          
107 397 205 558           
145 153             
202 403 403 743 414 347 431 744 456 339     
250 558 364            
278 153 339            
274 154 336 157           
295 154             
299 558 278 364           
299 154             
49 327             
106 427             
119 308             
153 106             
154 238             
161 383             
192 147 489            
226 329             
253 226             
95 499 154            
264 154             
13 316 432 431 426 209 30        
35 487 368            
109 163 456 30 427 426         
109 322 316 429           
109 243 322 163 456 30 427        
227 154             
306 464 339 555           
4 106 226 397 51 154         
15 332 154            
27 365             
42 154             
42 154 455            
42 517 154            
65 66             
65 154             
74 310 387            
355 339 489 157 393          
103 464 136            
106 106 451 509 163          
106 451 509 163           
106 519 421 163           
106 154             
106 286 422 330 163 154         
106 534             
109 422             
109 163 628 334           
109 163             
109 509 163            
161 153             
163 106             
179 429 332 43 163 519         
184 154             
200 201 202 203 204 163 489 154       
207 154             
217 760 490 227 761 339 362 519 429 555     
251 788 147            
265 313 154 109 406 55 420        
279 106 493 154           
284 154 157 163           
286 154             
52 571 387            
55 310 387 332           
102 154 387            
109 406 33 331 163          
125 483 429 387           
106 164             
148 344             
184 336             
15 55 154            
109 406 163 440           
109 429 154 336           
122 440             
145 364             
148 154 322            
224 154             
265 106 106 436 154          
272 330 415 154           
272 265 429 519 42 466         
278 154             
295 154             
30 347 515 310 339          
33 406 49            
42 519 520 154           
45 51 206            
56 549 154            
355 86 455 154           
84 206 154            
102 163 408            
106 339 163 313 481          
106 286 638 154 364          
106 416 153 154           
106 153 639            
106 509 163            
109 641 325 154           
109 397 163            
111 372 26 645 646          
113 153             
134 106             
139 154 313 163           
139 154             
140 141 142 144 674 310            
149 154             
149 408             
153 157             
155 699 545 428 360 163         
161 153             
161 343             
170 237 397 157 163          
182 577 330 322 154          
198 456 736            
200 201 202 203 204 154         
207 154 198 164           
207 154             
210 752 154            
211 321 154            
218 408 313 762 335          
240 154             
265 308             
286 210 209 106 163 154         
295 205             
295 163 209 210           
298 154             
55 161 163            
106 163             
141 150             
141 154             
170 147 573            
200 201 202 203 204 163         
211 209 645 456 154          
224 769 770            
233 481             
237 782 154            
274 541 397 542           
289 373 393 573 153          
295 456 154            
4 153             
14 286 427 163           
30 406 404 163 412          
30 106 163 345           
45 569 154            
52 154             
54 397             
58 205 153            
59 106 164 153 322 154         
60 509 153            
98 154 153            
102 226 164 313 154          
106 624 154 163 482 157         
106 59 529 153 456 322 154        
106 406 163 509           
106 335 339            
109 163 586 163           
113 647 154 437 51 630 482        
125 663 154            
145 154 191            
152 630 209            
163 86 313            
164 151 394            
164 339 715            
164 163 716            
164 339             
180 154             
192 408 313            
193 163             
193 335 163            
198 154             
198 387             
200 201 202 203 204 154         
200 201 202 203 204 154         
200 201 202 203 204 361 157 154       
200 201 202 203 204 164         
207 154             
207 154             
207 377             
209 387 749 153           
209 381             
213 339             
214 153 456 154           
226 352             
233 364             
278 154             
286 124 153 154 336          
286 164 154            
291 349 5 154           
293 154             
1 164             
356 367 364 402 458          
14 350 380 381 163 406         
30 339 343 158 394          
50 154             
55 470             
61 380             
75 76 211 154            
106 163 339 102 339 405 380        
151 575 339            
161 154             
162 313             
163 394 365 712           
192 154             
213 339             
264 702 154 800           
291 286 154            
198 456 153            
200 201 202 203 204 412 106 456 163      
209 321             
18 456             
30 380 378 412 163          
30 406 163 309           
49 380 530            
102 29             
106 364             
113 439 335 103           
139 154             
141 364             
145 153             
161 313             
163 153             
163 406             
164 29             
286 291 163 154 394          
298 30 163            
13 329             
30 343 380            
30 206             
106 364             
146 313             
147 440             
153 364             
163 713             
163 154             
200 201 202 203 204 164         
200 163             
213 206 231 163           
226 366 327            
232 154             
1 164 315            
18 321 456 163           
22 106 153            
106 509 153 401           
106 479 394 403           
146 414 360 381           
164 394             
198 479 147 339           
198 397 153 339           
198 153 154 339           
200 201 202 203 204 364         
200 201 202 203 204 738 339        
213 164 339            
289 373 364 339           
297 479 330 377 339          
15 325 29            
29 163 479            
30 403 163 395           
36 29             
38 395 396 512 29 398         
39 339             
41 40 154            
45 339             
51 199 313 339           
353 364 164 29           
73 437 163            
96 387             
101 154             
102 51 536            
102 154             
106 362 395            
106 154 329 395 29 362 29        
106 343 339            
141 580             
145 394             
148 397 339            
148 199             
150 329             
152 689 325            
158 396             
158 339             
159 313             
162 339 398 534           
162 313 711 394           
163 153 456 394           
164 339             
164 339             
178 578 360            
179 154             
193 477 424 332           
198 419 555            
200 201 202 203 204 395         
200 201 202 203 204 395 56 325 339      
200 201 202 203 204 362         
204 313 360            
213 395             
218 339 387            
218 477 377 339           
226 352 102 471           
226 400 339            
232 313             
279 313             
285 437 358            
291 362 330 29 164          
297 330 432 335 339          
306 352 400            
51 55 339            
55 339 313            
100 218 364 387           
102 554             
106 313             
136 409 360            
163 364             
184 199 364            
213 738 163            
226 154             
226 395 157 364 771          
231 218 377 339           
288 163 154            
18 338 337            
27 324 337            
41 29 46            
46 47 333             
84 29             
113 393             
163 714             
179 456 154            
276 154             
285 153 154            
286 330 377 339           
3 191 457 406 153          
13 348 154            
15 314             
15 226 331            
15 325 435 154           
27 15             
45 568             
61 154             
61 448 448 412 412 509 479 536 586 163     
61 102 163 412           
61 448 448 397 536 412 339 226 339      
95 154             
98 154             
99 339 154            
100 313 154            
102 153 313 163           
102 698 206 153 472 373 457        
102 546             
102 153 321 547 339          
104 634 326 339 335 387         
148 163             
151 226 163            
174 154             
180 330 363 721           
186 154             
200 201 202 203 204 154         
211 210 18 153           
226 349 417            
243 274 448 45 210 102 154        
265 154             
270 572 365            
273 550 630 154           
274 243 102 154           
274 153 383            
274 539 227            
288 154             
291 286 457 754           
46 47 526             
64 362 144 145 154           
84 29 106            
95 587 620 552           
95 335 227            
95 335             
95 621 154 352           
96 835 836            
103 164 163            
103 51 412            
103 509 154 394           
103 335 554 509 405          
104 154 332 213           
104 102 154            
106 150 481 449           
106 227 336 154           
141 147 157 393 364          
148 154             
148 154             
150 373 163 593           
150 227 46            
153 379             
162 497             
204 339             
223 339             
227 227 377            
232 339             
233 456             
278 164 157 331           
279 352 587 335 95          
279 459 552 133 18 89 227 432       
279 587 95 347 227 412 233 313 339      
279 814 815 816 817 818 819        
113 477 153            
179 226 339            
226 352             
265 154 346            
290 339             
30 345 478 310 426 29 334 500 313 122 333    
119 394 383 654 154 395 313 30 426      
122 339 394            
146 313             
146 227             
148 453 456            
148 454             
162 333 394            
163 653 339            
167 717 339            
193 347 106 163 349 313 339        
278 543 544            
286 362 390 106 428          
289 489 394            
298 154             
117 154             
117 154             
180 154             
299 154             
18 409             
45 567 365            
65 102             
80 349             
355 86 313 18           
91 459 600            
93 478 106 347 614 313         
104 351 313 459           
106 133 432            
127 86 29 441           
232 373 364            
243 157             
250 40             
2 86 87 459           
27 501 89 459 144 145          
55 459 29 154           
56 536             
83 403             
86 409             
93 154             
93 29 524 157 432 163         
102 346             
106 163             
121 626 495 154 206 278 337        
123 154 364            
123 427 660 421 364          
136 669             
136 154             
139 613             
142 29             
146 55 682 427 278          
150 157 154            
162 199 339 364           
162 313 364            
178 154 364            
180 726             
192 339 728 729 364 681         
192 432             
193 339             
200 86 741 313           
203 330 339            
209 339             
213 347 154            
223 768             
232 18 157            
243 330 644 30 347          
270 86 550 409           
274 153 154            
278 396 482            
278 336             
274 154 153            
293 154             
297 408 154            
299 347 154 364           
1 121             
15 49             
15 164             
34 154             
42 429 521            
45 326 473            
52 387             
52 421 157 397           
52 387             
52 310 387            
52 154             
55 466 29 106 387 66         
55 467 387            
65 338 387            
67 338 466 387           
355 154 364            
106 154 338 106 500 420 580        
106 163 362 154 106 109 387 66 364      
106 55 387            
106 109 157            
106 387             
106 640             
106 163             
106 157 387            
106 45 509 163           
106 624 154 364           
109 332 163 482 364 153 456        
122 489 658            
122 489 336 157 394          
123 74 662 154           
160 102             
200 201 202 203 204 335 163 30       
204 43 397            
207 154             
232 313             
272 157 154            
306 489             
307 596 834            
158 508             
158 406 231 163 508          
231 780 158 508 509 205          
15 154             
52 448 157            
148 154             
56 29 40 205           
161 313             
200 201 202 203 204 154 365        
213 29 102 335 231 205 163 406       
232 106 154 163 482          
305 154 161            
100 313 154            
106 297 364 335 154          
146 482 154            
148 154             
161 154             
179 154             
191 297 313            
207 154             
274 154             
297 495 482 829 154          
297 408 154            
298 154             
298 154             
92 481 106            
96 154             
294 343             
31 154             
45 416 154            
57 429 154            
60 157 154            
65 154             
86 423 394            
102 153             
106 624 163            
106 313             
106 313 205            
106 309 312 364           
119 154             
132 397 519 55 163 406 163 668       
179 154             
179 310 154            
191 482             
193 154             
200 201 202 203 204 163 154        
200 201 202 203 204 154 153 336 133 154 364    
224 154             
30 452 364 397 49          
99 30 364 397 49          
274 448 361 153 154          
30 15 564 513           
64 360             
96 154             
105 574 339 498 635 154         
105 154 29 102 29 536 380 437       
105 343 441 357 437 339 154 498 29 313 635 536 781 366 153
105 489 437 441 157          
105 636 558 136 105          
105 29 84 278           
105 144 145 441            
105 395 154 558 106 102 344        
105 635 154 536 29 362 395 489 106 313     
106 364 163 335           
106 30 13 310           
106 163             
113 322 313 335           
129 667 574            
164 163 154            
184 366 154            
186 322             
186 226 362 322           
226 218             
235 781 341 286           
273 154             
274 153 154 15           
278 474 313            
286 821 822 377           
306 313             
113 15 153            
141 199             
170 364 153            
285 214             
286 536 427 333           
18 147             
34 395 102 310           
36 510 509 395           
51 442             
91 339             
120 29 27            
55 468 154            
144 339 676            
145 677             
146 144 145 339 333           
186 438 157 432 401 146 337        
233 740             
278 474 313 154           
278 84 442            
307 533 330 154           
357 154             
18 377             
21 164 153            
30 451             
30 164 106            
32 477             
32 406 401 163           
41 29             
55 29 163 157 335 489         
355 84 88 109 154          
84 352 102            
84 154             
84 406 310            
102 395 694            
102 545             
106 84 29            
106 84 49            
106 29 164 157 56 163 32 30       
106 56 29            
106 164             
106 313             
106 164 364            
106 163 154 339           
110 308 335            
119 440             
119 278             
122 489             
148 154             
150 574             
156 484             
156 484             
200 201 202 203 204 154         
200 86 336            
213 231 102            
226 456             
231 339             
278 478 339            
279 18 29 545           
279 106 493 154 157          
13 313             
13 313             
46 47 528             
46 47 527             
355 228             
84 339 489            
86 66 330            
86 489 368 15 330          
89 373             
122 86 489 339           
125 574 394            
141 150             
148 29             
150 622             
170 364 153            
184 199 364            
200 311             
306 309             
357 321 163            
18 29 313 157 489 333 365        
151 497 395            
207 347 310            
259 489 226 721           
55 449             
75 76 154             
355 86 450 88 154          
106 109 163            
106 332 153 456           
106 106 163 154           
106 364 365            
148 153 238            
148 154             
30 412 339 310           
60 585 447 154 364          
106 393 331 163 364          
106 575             
114 365             
144 153             
166 365             
166 154             
170 394             
198 154             
232 163             
286 509 226            
15 374 329            
29 365             
32 154 400 434           
59 584             
102 554 310            
121 154             
126 664             
148 154             
161 161 103 439 545 322 163        
213 163 339            
214 154             
286 406 163 325           
15 326             
29              
43 565             
59 313             
110 43             
117 154 237 645 51 347         
153 489             
161 154             
226 672             
265 419             
306 383             
15 226 436 331           
109 154 322 163 456          
154 322             
256 154             
43 523 313            
56 497 154            
67 313 154            
67 347 154 323           
85 86 87 309 154 335           
141 465 313 309           
141 455 313            
147 154             
184 377             
207 309             
223 767             
298 106 154            
13 309             
13 347 209            
358 351 322 321 154 153 462 364       
33 506 310            
40 102 395 313 339          
40 395 396 325           
103 633             
103 103 161 163 456          
141 154             
193 731 474 732 154 364         
198 86 154            
213 164 755 335 339 106         
273 87 417 498 811 154 428        
290 339 555            
290 154 153 798 538 557 825 51 403 397 780 412 29 364 
297 299 298 20 825 335 372 557 51 106 85 86 87 322 154  
297 414             
299 831 297 752 310 811 364 334       
29 337 408 394           
29 154 351            
29 154             
29 154             
30 102 163            
36 508             
39 153             
43 153             
55 153             
55 102 339            
88 610 611            
91 330 264            
94 618 199 53 238 441 619 140       
102 535 396            
102 153             
106 396 339            
106 494             
106 627 494            
106 153             
113 648             
119 154 150 153           
145 154             
150 154 478            
153 690             
158 154             
159 704 345 593           
159 705             
161 334 308            
161 550             
163 334             
164 153             
185 154             
193 384             
200 201 202 203 204 154         
204 369 308 745           
223 365 387 228           
226 209             
240 154 745            
240 55 154 328 56          
245 29 780 49 508 509 429 164 30 32 92 154 206   
253 373             
273 154             
278 343             
288 692             
295 366             
295 154 493            
298 153             
298 154             
160 706 153            
250 365             
15 408 157 313           
55 163 154            
78 209 342 154           
91 209 395 352 29 329 613        
93 365             
130 313 157            
139 586 153            
145 308             
148 686 154            
163 55 154            
170 469 343            
265 334             
355 313             
113 29 103 439 153          
220 339 555            
34 154             
65 386 15 365           
66 218 97 591 401 483 218        
77 334             
354 601 335 602 603 253 313        
355 343             
89 612             
95 489 494            
97 721             
97 93 102 29           
118 575 113 653 154          
126 666 365            
139 97             
140 141 142 143 494             
145 364             
161 153             
161 313             
164 366 157 102           
170 308 719 720           
180 521 471 727 407 343 409 494 227      
209 278 750 163           
218 153 28 154 339          
252 209 341 28 366 339         
253 577 66            
253 574 313            
253 154 226 791 322          
264 365             
265 802 29            
278 34 456 154           
278 29 387            
288 86             
35 55 56 153 308          
55 371             
77 349             
96 154 163            
102 632 154            
110 644             
119 209 154            
145 154             
145 153             
150 154             
150 687 154            
207 29 106 154           
273 154             
295 153             
298 154             
15 324 29            
15 352 363 334           
29 313             
53 314             
88 154             
102 154             
115 116 652             
119 466 384 339 163          
169 379             
170 308             
179 535             
184 154 364            
184 154             
193 154 4            
193 154             
198 157             
204 746 53            
209 157             
252 346 154            
253 18 409 459 133 552         
265 154             
272 153             
274 343             
53 29             
55 424 425            
97 534 330            
123 661 154            
126 578 154            
134 154             
134 308             
150 154             
154 199             
156 408             
157 309 700 701           
163 314             
170 718             
179 154             
179 469 15 334 345 365         
180 455 526            
180 106 310 339           
200 201 202 203 204 154         
204 154             
231 313             
231 310             
241 314 535            
265 407 803 365 535          
267 339 804 314           
269 365             
290 826             
292 154             
294 308             
306 534             
1 365             
15 376 476            
138 157 364            
139 309 335 154 89          
170 313             
192 530             
273 363 330 157           
2 317             
2 366             
29 395 396 40 363 365         
29 313             
40 154             
73 339 595 364           
102 313             
106 456             
128 365             
145 524 365            
153 200             
158 308 154            
160 379             
170 509 364 322           
179 308             
209 445             
228 365             
232 365 360            
232 345             
270 314             
278 75 76 154            
285 154             
15 330 154            
35 465             
36 365             
39 339             
51 327 365            
55 426 445 330           
353 153             
85 86 87 377             
104 154             
146 253 365            
153 106             
153 5             
163 314             
164 15             
207 508 509             
232 321             
240 360 352            
252 253 789 790 104 209 575 32 365      
253 339 339 365 792          
263 154             
270 314             
273 813 365            
273 365             
286 154             
292 153             
306 423 154            
2 308             
2 308             
3 319             
15 314 437 226 365          
15 334             
15 153             
15 323 313            
15 153             
15 321 488 383           
18 99 492 29           
18 338 314            
21 326 18 332 313          
21 391 399 154           
22 406 344            
22 314 364 139 332          
36 35 30 464 31 361 387        
52 363 365            
53 308             
53 363 365            
54 55             
60 61 154            
64 29 153            
65 85 86 87             
353 593 153 593           
74 465             
74 598 429 365           
355 218             
355 339             
355 308             
88 154             
91 153             
91 154             
94 55             
96 332 66            
100 524 153            
102 472             
102 218 15            
106 154             
107 106 362            
113 308             
115 116 596 651 416 385          
115 116 524 387 321 599 634         
117 223 364            
119 18             
120 363 365            
129 353             
132 317 395            
134 86 579            
141 313             
141 308             
141 154 675 209           
144 337 408            
144 154             
144 333             
145 226             
145 489 419            
146 363 365            
146 364             
148 441 364            
150 313 688            
150 343             
150 332 345            
153 469             
153 321             
153 397             
153 531             
154 313 429 51 519 332         
155 308 163 364           
156 308             
158 494             
158 153             
159 102 545 5           
160 493             
161 406 163            
170 313             
170 308             
181 464 154            
179 218 365            
179 154             
179 724             
183 343 574 531           
186 362 308            
186 634 365            
193 363 365            
193 733 154            
193 15 494            
197 456             
198 692 497 153           
198 737             
198 308             
198 352             
200 201 202 203 204 154         
200 201 202 203 204 739 308 153       
200 201 202 203 204 154         
200 201 202 203 204 364 153        
203 702             
204 364             
204 469             
209 383 29 154           
209 751             
211 330 335 754           
216 53 308            
218 360             
218 352 754            
219 634 365            
219 765 766 416 265 408 15 464 33 84 322 154   
223 365             
223 308             
223 153             
226 408 634 366           
226 773             
226 365 365 321 363          
226 774 339            
231 308             
231 153             
232 327 387            
232 365             
241 153             
241 785 406 363 786          
241 699 15            
253 313 153            
253 445             
253 774 339 373           
265 314 487 801 153          
265 364 365            
265 451 153            
270 609 363 365           
270 419             
270 124             
278 313             
285 154             
285 154             
285 572 586            
286 365             
288 154             
288 113             
289 218             
289 824 543 365 393          
293 828 308            
294 365             
295 163 451            
296 345             
298 154             
298 154             
298 363 365            
305 339 218 807 334          
5 154             
13 316 335            
15 336             
15 491             
18 388 102 387           
30 365 450 394           
32 339             
46 47 308             
56 154 339            
57 581 154            
64 403 537 588           
73 135 45 154 336          
86 154             
93 154             
94 616 227 198 29 40 164 56 213      
102 154 352 51           
102 163             
102 153 336            
102 40 313            
106 308 153            
109 163             
134 154             
134 154             
140 141 142 143 124 154            
141 157             
142 579 209 154           
145 524             
150 154             
156 469             
160 339 558 153           
163 157 456            
163 154 456            
183 154             
184 680 154            
193 154             
200 154             
204 336             
207 154             
210 339 209 154           
210 209 336 154           
217 757 154            
224 556             
226 775 776            
232 331             
242 209 56 51 52 4 327 154       
243 154 124            
243 336             
251 580 534 153           
255 154             
255 102 554 154           
255 330 154            
255 472             
260 154 330            
263 57 154            
286 807 209 210 365          
286 482 209 339           
294 154             
295 390 154            
298 154             
302 339 394            
306 154             
94 396 325 326           
13 346             
86 163 424            
126 86 154            
135 117             
139 335             
141 394             
148 153             
193 371             
198 154             
217 758 5 759 365          
227 777             
228 778 779            
255 794 444 334 795 796         
288 419 5            
355 154             
276 154             
22 388 559 560 561 206 154        
40 153 154            
40 154             
75 76 210 75 76 154           
52 154 86            
56 550 154            
56 106 494            
65 336             
68 361 154            
78 154 86 397           
355 154             
86 154             
87 51 395 154 310 339         
95 313             
96 154             
99 553 210 154 693 88         
100 51 339            
106 51             
109 153             
115 116 154 631            
115 116 154             
121 56 205 657 154          
126 398 550 40 86 665         
126 154             
141 361             
161 154             
179 671 154 364           
180 154             
180 154             
181 154             
181 388 154 227           
184 154             
193 154             
203 154             
203 332 339            
204 124 40 154           
207 339             
212 163 102            
213 361 75 76            
214 88 86 154           
214 51 310 154           
214 86 154            
251 154             
251 154             
254 339 29 362           
255 154             
272 525 339            
272 346 154            
274 153 154 164 540          
278 153 494            
286 51 154            
286 513 154 5           
22 164             
31 339             
53 314 153 456 572          
55 469 154            
56 106 364            
56 164 154            
136 154             
146 393 153            
156 336             
170 343             
180 154             
221 57 43 278 154          
241 154             
288 154             
292 106 154            
294 154             
297 830 751 494 339 154         
298 154             
13 343             
13 154             
21 86             
30 164 86 339           
30 209 13 343 163          
32 163             
40 397 339 513           
51 157 154            
51 52             
51 52 362 336           
51 154             
52 494             
52 154             
55 471 336 153 18 466 51        
58 210 509 209 313 583         
74 157 596            
78 353             
79 474 50 339           
80 605             
86 343             
88 154 330            
100 371 339            
105 338 437 29 154          
106 154             
113 330             
132 29 421 163 645 413         
134 596 412            
134 339             
138 339             
146 557 683            
147 557             
147 313             
148 154             
148 153             
150 154             
150 154             
150 295             
158 51             
203 456             
204 350 313            
204 339             
207 336 330 154           
209 470 154 153 322 330 154        
223 51 163            
232 339             
250 339             
271 154             
272 154             
273 154             
273 812 466 51           
274 154             
277 29 398            
286 154             
289 157             
295 154             
296 154             
296 154             
298 154             
298 51             
298 157 489            
298 489             
306 157 163            
13 383 461            
22 29             
30 415             
30 413 336 154           
30 427 402            
30 51 405 339 157 339         
30 504 477 310 339          
39 339             
40 426             
42 154             
42 518             
43 154             
45 154             
51 52             
51 164 364 419           
51 309             
51 442 56 163           
51 332 336            
53 437             
58 206 154            
59 153             
62 63 587 153            
62 63 534             
65 154 336 51 590          
65 336 154            
65 336             
65 361 352 29           
65 330             
65 336             
68 336             
353 154             
75 76 154 336            
84 154             
87 163 154            
85 154             
86 163 154            
86 154             
85 86 87 339             
86 154             
88 89             
92 51 79 56 52 441 86        
92 51 52 56 206          
94 493 558 93 426 617 154        
102 153             
106 148 154 348           
113 51             
119 154             
121 154             
132 163 336 154           
139 364             
141 413             
141 154             
144 278 333            
154 86             
156 163             
156 153             
158 703             
160 86 163 154 336          
163 365             
172 154             
179 154             
181 154             
184 154             
184 333             
184 200 201 202 203 204             
187 575 124 339           
193 30             
200 201 202 203 204 154         
200 86 336            
203 630 339            
204 336             
204 336             
204 75 76 163 336           
207 291 154            
207 154             
210 154             
210 753 336 154           
211 210 336 154           
211 154             
214 337 364 154           
224 30             
231 56             
232 154             
235 51 75 154           
235 631 75 76 75 76 51          
240 154             
249 154             
250 558 339            
255 581 210 330 631          
259 154             
272 809 385            
272 154 336            
273 153 339            
278 497 333            
286 630 361 153 513 397 401        
286 154             
288 163 309 154           
296 56 231            
298 489             
298 163             
18 157             
45 51 529 154 339 153         
51 85 86 87 313 339           
75 76 443 75 76            
51 214 310            
73 154             
85 86 87 310 154            
86 85 87 163 154 153 387        
88 154             
88 214 86 339           
96 154             
102 336 364 154 226 75 76 51 153 310 154     
102 153 154 630           
106 286 325 154 364          
109 153             
113 361             
132 154             
145 154             
177 154             
178 365             
192 730 450            
200 201 202 203 204 198 310        
200 201 202 203 204 154         
210 154             
214 154             
237 57 56 51 783          
240 153 154            
250 154 163            
252 102 218 95 226 335 346 381 154      
270 805 271            
286 154             
286 364             
294 154             
298 154             
353 154 394            
160 51 206 56 154          
160 206 163 153           
260 361 102 310 154          
277 206 93 88 154          
286 336 154 153 124          
1 369             
13 313             
27 440             
29 322 313            
29 477             
29 383             
49 153             
51 330 531            
55 369 157            
56 29             
60 364 383 320           
65 157             
66 163             
77 383             
86 154 313            
109 163             
115 116 649 545 102 650 383         
145 680             
148 29 432 441           
149 383             
150 153             
153 360             
170 313             
207 163             
209 465             
226 366 427            
256 308             
259 799             
260 364             
260 66             
286 153             
298 308             
21 322 341 330 365          
29 334 313 66           
55 157 387 163           
65 330 407 387           
353 339             
109 66 13 422 330 310 441        
139 313             
141 574             
158 147 313            
163 163             
192 147             
207 395 413 645           
226 471 404 29           
269 127             
13 320 434            
13 109 433  66          
15 322 316            
21 153 548            
21 390             
29 313             
30 51 426 428           
30 453 313            
32 339 330            
35 484             
40 30             
41 13 334 361 437          
45 482 339            
49 206             
51 383             
60 457 413            
60 154             
61 335             
65 314 322 163           
65 424             
73 596 29            
84 397 416 66           
85 86 87 157 393 345 278          
102 153 509            
102 40 310 395           
105 278 574            
106 109 163 637           
106 106 15 157           
106 626 558 153 339          
109 322 332            
109 154 33 330 163 429         
109 334             
109 153             
119 29 154            
148 29 18            
150 154             
152 397 29 335 339          
156 308             
160 106             
179 411 157            
184 154             
198 408             
198 278 136            
200 201 202 203 204 321 373 53       
207 747             
209 439             
209 210 509            
209 748             
210 209 509            
211 209 66 30           
213 406 339 66           
214 756 339            
218 406 163            
226 327 403 432           
228 311             
232 489             
232 106 55 482 157 154         
233 102 18            
237 88 645 339 154          
243 429 322 383           
243 322 416 426           
260 56 683 383           
265 13 363 383           
265 408 330            
274 383 313            
286 314             
286 395 334 339           
298 455 383            
298 339             
305 383 832            
119 313             
119 383             
13 345             
1 370             
1 370 460 352           
2 15             
3 318 153            
357 371             
21 338             
27 364             
27 366 407 4           
29 334 339            
30 398             
30 415 415 361 75 76 401         
32 483 313            
34 339 400            
40 489 400            
41 516 383            
43 434 40 472 524 102 489 313       
51 106 310            
55 15 310 322 387          
65 154             
67 592 580 458 339          
67 385 313            
67 393 85 86 87 387           
85 86 87 198 313 364           
86 147             
86 362 364            
93 615             
93 164             
102 631 154            
119 655 656 339           
125 29 400            
148 454             
161 708 709            
161 345             
163 4 370            
170 545             
173 29             
228 545             
232 102             
234 500 395            
234 472             
237 154 784            
240 336 86 163 157          
270 422             
270 286 400            
270 468 327            
270 327 400 339           
270 370             
270 278 806 339           
286 816 400            
291 827             
291 154             
15 375 321            
53 395 363            
75 76 534             
106 157             
141 572             
170 396             
172 172 15 365           
193 291             
197 153             
198 153             
250 330             
270 330             
291 534             
102 352 308 395 330 365         
106 157             
109 335 29 373 629 630 629        
164 313             
192 147             
202 532 339            
270 807 363            
29 314             
43 395 525            
49 395 417            
55 466 313            
66 309 163            
88 154             
102 534             
106 153 456            
134 164             
153 691             
178 364 153            
184 308             
197 456 377            
200 201 202 203 204 153         
226 772 154            
258 330             
270 124             
288 309 395            
307 534             
307 396 410            
15 335             
15 335             
15 4             
15 95 334 490 5          
30 347 426            
32 481             
32 335 332            
32 482             
42 154 85 86 87            
43 86             
52 49             
55 322 313 199           
65 589 157            
355 364 605            
86 364 456 420           
86 473             
95 15 308            
100 574 364            
102 86             
106 534 106 106 456          
109 15 456 330           
109 438             
135 209             
136 198             
148 330             
150 370 623            
153 450             
156 198 365 702           
160 161 482            
163 534             
164 198             
178 722             
178 723             
179 364             
188 329             
197 153 154            
198 153 314            
198 331 473 153           
200 201 202 203 204 154         
204 153             
209 198 329 226 534          
218 153             
219 330             
226 373             
249 209 330 314           
258 150 362 219 798          
259 226 381 377           
269 314 352            
286 153             
289 477             
307 364 330 4           
27 503 502 500           
29 32 398            
34 43 29            
38 395 509            
42 522 314            
55 406             
64 153             
82 311             
82 96 607 314           
84 476             
88 494 383 153           
106 313             
109 503 163            
110 643             
110 153 40 29 32          
117 110 29            
125 26             
125 153             
138 460             
138 313             
161 153 707            
162 218             
163 313             
180 313             
200 201 202 203 204 153         
226 314             
250 787 313 434           
250 153             
270 808 529 456           
285 339             
106 106 466 163 387 429         
22 388             
109 406 163 315 630          
102 395 40            
198 734 154 735 364 205 482 364       
39 339 511            
204 494 550 86           
86 336 299 102           
32 434             
55 339             
39 154             
115 116 154             
148 154 42            
52 33 310 387           
56 29             
50 418 30            
27 15             
27 321 314 18 456          
286 154 336 124 437 550 674        
129 419             
35 154             
18 378 380 339           
86 509             
109 153             
223 343             
45 154             
179 725 154 631           
86 154 164 87 397 477         
42 449 154            
75 76 154             
148 154             
298 154             
87 51 313 154           
170 313             
179 154             
60 214 154 446           
86 313             
270 339             
52 66 472            
78 154             
141 40 313            
32 29             
106 336 364 377           
51 154             
13 154             
13 313             
357 313             
13 30 347            
13 330             
15 323 30 429 428          
15 372 323            
15 313             
15 37 463            
15 487 333            
359 322 410 330 411          
18 314             
21 332             
21 392 18            
29 336             
29 478             
30 397 164 29           
30 29 164 106           
30 397 347 29 163 335         
30 163 309            
30 440 163            
30 412 163            
30 505 347 322           
30 51 405 414 335 209         
30 557 449 313 364          
30 106 163 380 147          
30 298 339            
30 349 468 316 514          
30 390 451            
34 485             
34 507 310 486           
36 401 157            
36 15 463            
40 55 387            
43 313             
51 397 313           
52 339 420 500 570 313 387 154 322 320 5 49 109  
52 51 496            
56 154             
57 214             
59 342 582            
59 29 500 470           
65 157 29            
66 310 360            
67 154 394            
353 310 339 51 336 364 154 335 339 339 494 66   
353 456 18 572           
77 599 600 154           
82 154             
84 313 154            
85 86 87 30 347 313 154 475 426 450 243 575     
88 154             
88 154             
94 408 154            
95 335 622            
100 153             
102  218            
102 40 575 695 696 697         
102 154             
103 335             
105 29 339            
106 364             
106 416 156 66           
106 383 416 157 393 364         
106 100 205 163 154          
106 106 153 364 154          
106 625 163 335           
106 388 153 339           
106 314 339 163 362          
106 153             
106 156             
109 335 153            
119 30 339            
123 474 154            
125 422 313            
125 55 413 360           
126 154             
132 154             
134 398 86            
138 655             
138 673 424 364 154          
139 365             
141 56 213 102 231 352 310 574       
145 679 366            
145 153             
147 685             
148 661             
148 140 89 339 335          
148 154             
149 102 157 412           
150 455             
150 343             
153 61             
156 437 199            
158 153             
164 29             
170 313             
179 360             
184 154             
187 154             
191 154             
191 37 154            
193 572 600 154           
197 418             
197 364 153            
198 456 153            
200 201 202 203 204 395 339 29 164 339     
200 201 202 203 204 395 471 56 377 437 339    
200 201 202 203 204 509         
204 503 600 154           
209 316             
226 365 574            
254 793 154            
255 797 443 364 334          
258 314             
259 154             
272 427             
274 432             
286 557             
287 470             
288 823             
289 395 478 339 498 426 339        
295 154             
306 833 373            
307 154             
